PROCESS ID	ARRIVAL TIME	END TIME
        29         0        26
        70        26        63
        66        63        77
        12        77       105
        33       105       130
        35       130       171
        53       171       200
        65       200       218
        30       218       253
        62       253       257
        78       257       260
         6       260       288
        28       288       332
         4       332       381
         9       381       422
        43       422       452
        16       452       483
        48       483       521
        88       521       546
         8       546       565
        58       565       591
        42       591       634
        83       634       673
        87       673       715
        94       715       736
        92       736       743
        89       743       773
        52       773       807
        49       807       835
        61       835       836
        31       836       856
        39       856       861
         3       861       904
         7       904       918
        75       918       962
        95       962       991
        11       991      1036
        24      1036      1083
        63      1083      1129
        47      1129      1143
        37      1143      1168
        34      1168      1173
        38      1173      1202
        14      1202      1230
        96      1230      1272
        68      1272      1276
        80      1276      1292
        79      1292      1335
        18      1335      1375
        40      1375      1387
        76      1387      1437
        60      1437      1485
        74      1485      1518
        27      1518      1559
        82      1559      1582
        25      1582      1590
        97      1590      1616
         1      1616      1653
        36      1653      1678
        50      1678      1712
        99      1712      1739
        51      1739      1788
        41      1788      1797
        22      1797      1834
        46      1834      1844
        64      1844      1850
        98      1850      1886
        93      1886      1924
        55      1924      1945
        56      1945      1980
        77      1980      2006
        90      2006      2037
        10      2037      2042
        72      2042      2060
        26      2060      2096
        73      2096      2118
       100      2118      2147
        19      2147      2173
        84      2173      2200
        32      2200      2219
        57      2219      2235
        67      2235      2236
        54      2236      2286
        91      2286      2292
        81      2292      2301
        15      2301      2304
        44      2304      2313
        69      2313      2361
        45      2361      2380
        71      2380      2393
        23      2393      2441
        59      2441      2451
         5      2451      2453
        13      2453      2493
        85      2493      2538
        86      2538      2553
        20      2553      2586
         2      2586      2628
        21      2628      2645
        17      2645      2652
Average Wait Time=1297.729980
TurnAround Time=1324.250000
Throughput=0.037707
