PROCESS ID	ARRIVAL TIME	END TIME
        70         0        37
         4        37        41
        49        41        48
        31        48        68
        49        68        82
        74        82       100
        93       100       138
        74       138       153
        22       153       190
        98       190       226
        84       226       253
        64       253       259
        13       259       299
        49       299       306
        79       306       349
        26       349       385
        54       385       435
         2       435       477
        19       477       503
        20       503       536
         4       536       581
        50       581       615
        69       615       663
        60       663       711
         5       711       713
        48       713       751
        29       751       777
        85       777       822
        86       822       837
        47       837       851
        96       851       893
        56       893       928
        78       928       931
        92       931       938
        95       938       967
        32       967       986
        24       986      1033
        89      1033      1063
        75      1063      1107
        34      1107      1112
        10      1112      1117
        36      1117      1142
        68      1142      1146
        99      1146      1173
        44      1173      1182
        39      1182      1187
        18      1187      1227
        41      1227      1236
        67      1236      1237
        53      1237      1266
        63      1266      1312
        37      1312      1337
        42      1337      1380
        80      1380      1396
        51      1396      1445
        27      1445      1486
        83      1486      1525
         9      1525      1566
        90      1566      1597
        11      1597      1642
        45      1642      1661
        28      1661      1705
         8      1705      1724
         3      1724      1767
        46      1767      1777
        76      1777      1827
        43      1827      1857
        87      1857      1899
        38      1899      1928
        57      1928      1944
        33      1944      1969
        30      1969      2004
        25      2004      2012
         6      2012      2040
        52      2040      2074
        12      2074      2102
        35      2102      2143
        65      2143      2161
        40      2161      2173
        17      2173      2180
        14      2180      2208
        55      2208      2229
        21      2229      2246
        88      2246      2271
        23      2271      2319
        59      2319      2329
        97      2329      2355
       100      2355      2384
        62      2384      2388
        94      2388      2409
         1      2409      2446
        81      2446      2455
        15      2455      2458
        61      2458      2459
        91      2459      2465
        71      2465      2478
        16      2478      2509
        77      2509      2535
        73      2535      2557
         7      2557      2571
        82      2571      2594
        72      2594      2612
        66      2612      2626
        58      2626      2652
Average Wait Time=1360.250000
TurnAround Time=1386.339966
Throughput=0.037707
