PROCESS ID	ARRIVAL TIME	END TIME
        29         0         1
        66         1         8
        62         8        12
        78        12        15
        66        15        22
        65        22        40
        92        40        42
        61        42        43
        92        43        48
        39        48        53
         7        53        67
        34        67        72
        68        72        76
        47        76        90
        25        90        98
        41        98        99
        64        99       105
        10       105       110
        41       110       118
        67       118       119
        91       119       125
        15       125       128
        81       128       137
        44       137       138
         5       138       140
        44       140       148
        46       148       149
        17       149       156
        46       156       165
        59       165       175
        40       175       187
        71       187       200
        86       200       215
        80       215       231
        57       231       247
        21       247       264
        72       264       282
         8       282       301
        32       301       320
        45       320       339
        31       339       359
        94       359       380
        55       380       401
        73       401       423
        82       423       446
        29       446       471
        33       471       496
        88       496       521
        37       521       546
        36       546       571
        58       571       597
        97       597       623
        77       623       649
        19       649       675
        99       675       702
        84       702       729
        12       729       757
         6       757       785
        49       785       813
        14       813       841
        53       841       870
        95       870       899
        38       899       928
       100       928       957
        43       957       987
        89       987      1017
        16      1017      1048
        90      1048      1079
        74      1079      1112
        20      1112      1145
        52      1145      1179
        50      1179      1213
        30      1213      1248
        56      1248      1283
        98      1283      1319
        26      1319      1355
        70      1355      1392
         1      1392      1429
        22      1429      1466
        48      1466      1504
        93      1504      1542
        83      1542      1581
        18      1581      1621
        13      1621      1661
        35      1661      1702
         9      1702      1743
        27      1743      1784
        87      1784      1826
        96      1826      1868
         2      1868      1910
        42      1910      1953
         3      1953      1996
        79      1996      2039
        28      2039      2083
        75      2083      2127
        11      2127      2172
        85      2172      2217
        63      2217      2263
        24      2263      2310
        60      2310      2358
        69      2358      2406
        23      2406      2454
         4      2454      2503
        51      2503      2552
        76      2552      2602
        54      2602      2652
Average Wait Time=840.190002
TurnAround Time=866.580017
Throughput=0.037707
